537962.751906
537962.751906
537962.751906
537962.751906
537962.751906
537962.751906
537962.751906
537962.751906
537962.751906
537962.751906
537962.751906
537962.751906
537962.751906
537962.751906
537962.751906
537962.751906
537962.751906
537962.751906
537962.751906
537962.751906
510765.588842
510765.588842
510765.588842
510765.588842
510765.588842
510765.588842
510765.588842
510765.588842
510765.588842
510765.588842
510765.588842
510765.588842
510765.588842
510765.588842
510765.588842
510765.588842
510765.588842
510765.588842
510765.588842
510765.588842
469139.595769
469139.595769
469139.595769
469139.595769
469139.595769
469139.595769
469139.595769
469139.595769
469139.595769
469139.595769
469139.595769
469139.595769
469139.595769
469139.595769
469139.595769
469139.595769
469139.595769
469139.595769
469139.595769
469139.595769
416884.039686
416884.039686
416884.039686
416884.039686
416884.039686
416884.039686
416884.039686
416884.039686
416884.039686
416884.039686
416884.039686
416884.039686
416884.039686
416884.039686
416884.039686
416884.039686
416884.039686
416884.039686
416884.039686
416884.039686
355390.764847
355390.764847
355390.764847
355390.764846
355390.764847
355390.764846
355390.764847
355390.764846
355390.764847
355390.764846
355390.764846
355390.764847
355390.764846
355390.764847
355390.764846
355390.764847
355390.764847
355390.764847
355390.764847
355390.764847
285556.399229
285556.399229
285556.399229
285556.399228
285556.399229
285556.399228
285556.39923
285556.399228
285556.399229
285556.399229
285556.399229
285556.399229
285556.399228
285556.399229
285556.399228
285556.399229
285556.399229
285556.399229
285556.399229
285556.399229
208738.534766
208738.534766
208738.534767
208738.534766
208738.534767
208738.534765
208738.534768
208738.534765
208738.534767
208738.534766
208738.534766
208738.534767
208738.534765
208738.534767
208738.534766
208738.534766
208738.534766
208738.534766
208738.534766
208738.534766