-20086.104634
-38206.041399
-52586.104634
-61818.673559
-65000.0
-61818.673559
-52586.104634
-38206.041399
-20086.104634
0
20086.104634
38206.041399
52586.104634
61818.673559
65000.0
61818.673559
52586.104634
38206.041399
20086.104634
0
-47632.945003
-90603.245472
-124704.669003
-146599.130664
-154143.448
-146599.130664
-124704.669003
-90603.245472
-47632.945003
0
47632.945003
90603.245472
124704.669003
146599.130664
154143.448
146599.130664
124704.669003
90603.245472
47632.945003
0
-73401.176599
-139617.334617
-192166.775151
-225905.592829
-237531.197104
-225905.592829
-192166.775151
-139617.334617
-73401.176599
2.1278e-10
73401.176599
139617.334617
192166.775151
225905.592829
237531.197104
225905.592829
192166.775151
139617.334617
73401.176599
-2.1278e-11
-97248.794807
-184978.200005
-254600.650169
-299301.014786
-314703.710724
-299301.014786
-254600.650169
-184978.200005
-97248.794807
2.1342e-9
97248.794807
184978.200005
254600.650169
299301.014786
314703.710724
299301.014786
254600.650169
184978.200005
97248.794807
-8.296e-12
-118890.614523
-226143.387337
-311259.669764
-365907.687042
-384738.110483
-365907.687041
-311259.669765
-226143.387336
-118890.614523
9.8217e-9
118890.614523
226143.387337
311259.669764
365907.687042
384738.110483
365907.687042
311259.669764
226143.387337
118890.614523
0
-137963.251007
-262421.69776
-361192.480336
-424607.226361
-446458.458658
-424607.22636
-361192.480337
-262421.697759
-137963.251008
2.6733e-8
137963.251007
262421.69776
361192.480335
424607.226361
446458.458657
424607.226361
361192.480336
262421.69776
137963.251007
-2.6593e-12
-154271.784125
-293442.371146
-403888.774345
-474799.730253
-499233.980441
-474799.730251
-403888.774347
-293442.371145
-154271.784126
5.0295e-8
154271.784125
293442.371146
403888.774344
474799.730254
499233.980439
474799.730253
403888.774345
293442.371146
154271.784125
-2.2354e-11