       1.0     400.0      15.0    
       2.0     450.0      15.0     
       3.0     500.0      20.0    
       4.0     550.0      20.0    
       5.0     600.0      25.0    
       6.0     650.0      25.0     
       7.0     700.0      30.0    
       8.0     750.0      35.0   
       9.0     800.0      40.0    
      10.0     850.0      40.0    
      11.0     900.0      45.0    
      12.0     950.0      50.0    
      13.0    1000.0      50.0    
      14.0    1050.0      55.0   
      15.0    1100.0      55.0    
      16.0    1150.0      60.0    
      17.0    1200.0      60.0   
      18.0    1250.0      65.0     
      19.0    1300.0      65.0   
      20.0    1350.0      70.0  
      21.0    1400.0      70.0    
      22.0    1450.0      75.0   
      23.0    1500.0      75.0   
      24.0    1600.0      80.0   
      25.0    1700.0      85.0   
      26.0    1800.0      90.0   
      27.0    1900.0      95.0   
      28.0    2000.0     100.0    
      29.0    2100.0     110.0   
      30.0    2200.0     110.0    
      31.0    2300.0     120.0    
      32.0    2400.0     120.0   
      33.0    2500.0     130.0   
      34.0    2600.0     130.0   
      35.0    2700.0     140.0   
      36.0    2800.0     140.0   
      37.0    2900.0     150.0   
      38.0    3000.0     150.0    
      39.0    3100.0     160.0   
      40.0    3200.0     160.0    
      41.0    3300.0     170.0    
      42.0    3400.0     170.0   
      43.0    3500.0     180.0   
      44.0    3600.0     180.0   
      45.0    3700.0     190.0   
      46.0    3800.0     190.0   
      47.0    3900.0     200.0   
      48.0    4000.0     200.0    
      49.0    4100.0     210.0   
      50.0    4200.0     210.0  