       1.0     200.0       8.0  
       2.0     210.0       8.0   
       3.0     220.0       8.0    
       4.0     230.0       8.0   
       5.0     240.0       8.0 
       6.0     250.0      10.0
       7.0     260.0      10.0    
       8.0     270.0      10.0  
       9.0     280.0      10.0    
      10.0     290.0      10.0    
      11.0     300.0      10.0    
      12.0     310.0      12.0       
      13.0     320.0      12.0       
      14.0     340.0      12.0   
      15.0     360.0      12.0      
      16.0     380.0      14.0    
      17.0     400.0      14.0  
      18.0     420.0      14.0   
      19.0     440.0      16.0    
      20.0     460.0      16.0      
      21.0     480.0      16.0     
      22.0     500.0      18.0  
      23.0     520.0      20.0 
      24.0     540.0      22.0  
      25.0     560.0      24.0   
      26.0     580.0      26.0   
      27.0     600.0      28.0   
      28.0     630.0      30.0    
      29.0     660.0      35.0    
      30.0     690.0      35.0 
      31.0     720.0      35.0     
      32.0     750.0      40.0  
      33.0     780.0      40.0 
      34.0     800.0      40.0  
      35.0     850.0      45.0   
      36.0     900.0      45.0   
      37.0     950.0      45.0   
      38.0    1000.0      50.0    
      39.0    1100.0      55.0    
      40.0    1200.0      60.0 
      41.0    1300.0      65.0     
      42.0    1400.0      70.0  
      43.0    1500.0      75.0 
      44.0    1600.0      80.0  
      45.0    1700.0      85.0   
      46.0    1800.0      90.0   
      47.0    1900.0      95.0   
      48.0    2000.0     100.0    
      49.0    2100.0     110.0    
      50.0    2200.0     110.0   