61818.673559
52586.104634
38206.041399
20086.104634
0
-20086.104634
-38206.041399
-52586.104634
-61818.673559
-65000.0
-61818.673559
-52586.104634
-38206.041399
-20086.104634
0
20086.104634
38206.041399
52586.104634
61818.673559
65000.0
146599.130664
124704.669003
90603.245472
47632.945003
-4.6011e-11
-47632.945003
-90603.245472
-124704.669003
-146599.130664
-154143.448
-146599.130664
-124704.669003
-90603.245472
-47632.945003
4.6011e-11
47632.945003
90603.245472
124704.669003
146599.130664
154143.448
225905.592829
192166.775151
139617.334617
73401.176599
-4.2902e-10
-73401.176599
-139617.334617
-192166.775151
-225905.592829
-237531.197104
-225905.592829
-192166.775151
-139617.334617
-73401.176599
2.8007e-10
73401.176599
139617.334617
192166.775151
225905.592829
237531.197104
299301.014786
254600.650169
184978.200005
97248.794807
-2.9346e-9
-97248.794807
-184978.200005
-254600.650169
-299301.014786
-314703.710724
-299301.014786
-254600.650169
-184978.200005
-97248.794807
1.9159e-9
97248.794807
184978.200005
254600.650169
299301.014786
314703.710724
365907.687042
311259.669764
226143.387337
118890.614523
-1.128e-8
-118890.614523
-226143.387337
-311259.669764
-365907.687042
-384738.110483
-365907.687042
-311259.669764
-226143.387336
-118890.614523
7.6289e-9
118890.614523
226143.387337
311259.669764
365907.687042
384738.110483
424607.226361
361192.480336
262421.69776
137963.251007
-2.8045e-8
-137963.251007
-262421.697761
-361192.480335
-424607.226361
-446458.458657
-424607.226361
-361192.480336
-262421.697759
-137963.251008
1.9263e-8
137963.251007
262421.69776
361192.480336
424607.226361
446458.458657
474799.730253
403888.774345
293442.371146
154271.784125
-5.0394e-8
-154271.784125
-293442.371147
-403888.774344
-474799.730254
-499233.980439
-474799.730253
-403888.774346
-293442.371145
-154271.784126
3.4827e-8
154271.784125
293442.371146
403888.774345
474799.730253
499233.98044